Eigenvalue: 4.16999
Eigenvector: 
-2.350959501306607580e-01
-2.182508324362504581e-01
-2.280694579022843338e-01
-2.538844758221980302e-01
-2.107283788372803779e-01
-1.986219497482538676e-01
-1.910564581708454612e-01
-2.153710966421942541e-01
-2.274716716531028082e-01
-2.046374200117357656e-01
-2.154165905696274197e-01
-2.435586279756475070e-01
-2.385130936040057714e-01
-2.307902571275259052e-01
-2.275466199637660447e-01
-2.300124810308759593e-01
-2.343074968350113418e-01
-2.391744023975646560e-01
-2.225357735729928954e-01
-1.951196944432036506e-01


Eigenvalue: 2.41002
Eigenvector: 
3.014019446474628938e-01
-2.560231382607547346e-01
1.915851108429974248e-01
8.244334590081899006e-03
1.947732649639430380e-02
-2.456130409688779825e-01
1.022291620173199078e-02
1.051890211615394005e-01
-1.958898445473314376e-01
-1.890434828875560969e-01
-9.486123496646692299e-02
-1.952981799430483778e-01
-1.832715087547618360e-01
-9.114558980277016886e-02
3.090041378045993437e-01
4.891514481478174137e-01
3.369180712507506836e-01
-3.482293480990536483e-01
-3.879271753192566757e-02
2.793782985953285544e-02


Eigenvalue: 1.66115
Eigenvector: 
7.436962581375689864e-03
-4.924205349793756570e-01
3.558776607848536389e-02
3.484718502843978105e-01
2.589169478540576108e-01
-9.427833545054846442e-02
2.392728992310924341e-01
1.671464911595802738e-01
2.089178857641662418e-02
1.483048113868417894e-01
2.477027863377746168e-03
1.383585765751494112e-01
2.797717616965210152e-01
-4.705148633440344730e-01
-1.920892092349635316e-01
-7.030471505618104966e-02
-1.608868545055314181e-02
6.023883255917209661e-02
-1.994495464199201873e-01
-2.165791689201653492e-01


Eigenvalue: 1.67399
Eigenvector: 
7.120313326472713089e-02
-2.108731123319057266e-01
4.438076938739066724e-01
1.076806304460210459e-02
-3.150206554976883733e-01
8.392677452610396160e-02
2.321288861443690510e-01
-2.887345282142711467e-01
5.826444260079400445e-02
1.507902216015219454e-01
-1.587963643524117202e-02
1.274358779794355634e-01
-1.200407027618709405e-01
3.723275426952416534e-01
-2.380997469872751515e-01
6.583525871150595898e-02
-1.645022805885386699e-02
1.429160393775612617e-02
-4.975030761312005945e-01
7.194613689944426294e-02


Eigenvalue: 2.30539
Eigenvector: 
2.116883913174231746e-01
-8.327387506372177159e-03
-6.778834917809827346e-03
3.063491878544610247e-01
7.138228618661494884e-02
-1.663086658189863731e-01
-2.339756576093257323e-01
2.193273430983760097e-01
-2.503143554887345967e-01
1.580558213771872111e-01
-1.526903126631614094e-01
-8.638033698805321070e-02
-4.657838482577587036e-01
1.155488426101117377e-01
-3.797185725579362847e-01
-1.901061069801777692e-01
2.200497168172325380e-01
3.421454754562716638e-01
1.045515265294873486e-01
1.419715226422971488e-01


Eigenvalue: 1.73330
Eigenvector: 
1.077874638969083532e-01
-8.791497230522626882e-02
3.755734796616149590e-02
-8.145479728637879113e-02
-1.284634120237184152e-01
-2.182721889840606722e-01
2.089112545158868239e-01
3.153685068031685246e-01
-6.545913015343444996e-02
4.643593472920887200e-01
-1.532125644989325297e-01
-1.779132253159679544e-01
1.094790584432633884e-01
1.124731565294342928e-01
1.204076688270157430e-01
-2.083657655062747527e-01
-4.099166703703477355e-01
-3.090097303323085520e-01
1.626640734925908771e-01
3.432060693032629173e-01


Eigenvalue: 1.77182
Eigenvector: 
3.789002662934271570e-01
3.814441245444590844e-01
-4.340743470412955496e-02
-2.423067051602594002e-02
5.813497977805780204e-02
-2.186941224624157909e-01
2.872238254313802530e-01
-1.229467584639821059e-01
1.180039145365441022e-01
-9.058168769519035768e-02
-5.756290366318653762e-01
5.814666905868187685e-02
1.718286628947295336e-01
6.669200750047102333e-02
-2.044942370797537545e-01
1.283954127804706052e-02
1.842179963433881714e-03
-4.539748799145751357e-02
6.093981781992049290e-02
-3.479223691340001534e-01


Eigenvalue: 2.25580
Eigenvector: 
4.298978057963504656e-02
-7.891747918004712870e-02
-1.376321848243631518e-01
-1.267921599683051459e-01
1.868040058440874340e-01
-2.390371725950491688e-01
-1.991501136365075031e-01
3.773790781406370920e-01
3.736646102701160488e-01
-1.085272044821344317e-01
2.722025817503042067e-01
4.447446987292015541e-02
5.337521858478659620e-02
4.238977781632898845e-01
-1.993620737679725752e-01
-1.553475329859737020e-01
1.506927344238044308e-01
-3.274718856782539156e-01
-2.057445293727848123e-01
-1.913789381175032556e-01


Eigenvalue: 2.22717
Eigenvector: 
-1.174957529597101258e-01
-5.860790978314132232e-02
2.929027904086887180e-01
3.456580379914999113e-01
-3.921991519832833673e-01
4.840371111169388535e-02
-8.704571514308914737e-02
9.762128222851225445e-02
1.631373408374445569e-03
-3.675491578249331925e-01
-1.765215162028099458e-02
-3.891236378791328443e-01
4.287210539433743417e-01
1.088593643244520071e-01
-1.641024085134439592e-01
-1.358385648245527544e-01
9.506233729756707884e-02
-2.575054434091334291e-02
2.572687401961332720e-01
-2.176144039202455166e-02


Eigenvalue: 2.18418
Eigenvector: 
-1.872799425736237089e-01
-3.576875230611902823e-01
-2.395807755905178527e-01
1.082865666780366692e-01
6.219016015547762510e-02
-2.795271712953272258e-01
1.705182613557936488e-01
-3.670409252843290226e-01
4.522491918027798374e-01
-2.518503462228293896e-02
-1.957171850146268988e-01
-1.219057050609743953e-01
-8.872193223983333710e-02
1.714844863310832357e-01
2.445040982317999989e-01
-1.392903101194175874e-01
2.144186368794124831e-01
1.735866806711986732e-01
1.804325670073990140e-01
1.964850326728976304e-01


Eigenvalue: 2.15522
Eigenvector: 
2.282311356647444833e-01
1.766114484891525005e-01
-7.639421077059882492e-02
3.100214557960955797e-01
-2.789824705003335348e-01
-3.608589953595615629e-01
1.188334015145200012e-01
-3.148449060029609448e-02
-1.486935265006236184e-01
-1.680226413940895946e-01
3.305978984394989939e-01
1.392842768909845763e-01
-8.424643793717684348e-02
2.271895232706855425e-03
4.377140663714912949e-01
-3.294402393358747960e-01
-1.294811372588621501e-01
1.256215121646849231e-01
-2.057551214457813971e-01
-1.745326081929900464e-01


Eigenvalue: 2.09512
Eigenvector: 
-4.897744613472505004e-01
1.568757027531833548e-01
1.689823258768774136e-02
1.267731915301690271e-01
1.812466562511510712e-02
-3.799372299202902203e-02
1.273788300497652182e-01
1.230901321529705161e-01
-1.398953132930142451e-01
4.068848349106052864e-01
-6.000158667950306751e-02
-3.082729506277784859e-01
-7.494982982002443284e-02
2.125150534614983211e-01
1.885327130829561604e-01
1.503992749906866988e-01
1.389481657245996982e-01
5.442438075474033410e-02
-8.917514558442693473e-02
-5.129147996423648603e-01


Eigenvalue: 2.10733
Eigenvector: 
9.373984471294637133e-02
2.060261090486834312e-01
-1.883313808541636492e-01
1.595019204089605513e-01
6.082586899956232696e-02
4.345678290690964674e-01
4.359458541630027995e-01
4.649819423313069494e-02
1.260489882616649404e-01
-7.419756823125815692e-02
9.147156000354625394e-02
-3.625553830931529942e-01
-2.512722863159242981e-01
-1.660714506658452494e-01
-5.865049259254090375e-02
-2.494120351522421120e-01
2.140371950368997744e-01
-2.850584756165130962e-01
-1.936973144243752665e-01
1.446960338779256505e-01


Eigenvalue: 2.05701
Eigenvector: 
-3.172318064644292779e-01
3.215960880680677758e-01
1.587740691140839266e-01
-3.037742968640091620e-02
1.808809112058318846e-01
-4.222052389670766237e-01
1.922764910093246737e-01
1.636413883310128548e-01
1.042034369030504781e-01
-2.599749225785091267e-01
5.442651806774466416e-02
-1.709797408813605313e-01
-8.983245025541382323e-03
-1.340583435267112267e-01
-1.596234119867674939e-01
2.349895582471717426e-01
-1.720060621149137881e-01
2.233703243630222324e-01
-2.696013869448726230e-01
3.654107680185367246e-01


Eigenvalue: 1.97936
Eigenvector: 
-3.814319579686090700e-01
1.145942088570148648e-01
-1.515978746671725885e-01
1.026982236281116095e-01
-3.379413278505268847e-01
-7.725758401744728388e-02
1.136533385403606100e-01
1.939153518290415712e-01
-1.132757764281076829e-01
-1.932510744219317553e-02
-2.082395550142072116e-01
5.694420541681893821e-01
-2.481364733800162353e-03
-7.309994227167281033e-02
-5.270447141601731361e-02
-1.806156168078066129e-02
3.696893059135634707e-01
-2.660664481932878966e-01
1.647956859055102474e-02
2.003396789986433002e-01


Eigenvalue: 1.84129
Eigenvector: 
-1.400597687503555566e-01
-7.072573389110149711e-02
2.688327464672634615e-01
2.499880708770326615e-02
9.782390766737074361e-02
-7.467062907941646177e-02
3.468340107038366260e-01
-4.800697684603962706e-02
1.812144216795947421e-02
-1.615566971958269371e-01
2.642470209105473034e-01
1.772693761931015410e-01
-4.164330486893264571e-01
2.928629878265808298e-02
-1.932145096552148889e-01
1.367021540745395891e-02
-2.145697534887953117e-01
-1.875784928920585237e-01
5.412751832387716622e-01
-2.259733732371930204e-01


Eigenvalue: 1.94101
Eigenvector: 
-3.134878620315208891e-02
-8.769623173224515289e-02
5.129985639885812493e-02
1.903494858279903279e-01
-1.430265814116914447e-01
2.719066678997137942e-01
-1.471638189721780066e-01
4.004191471668627766e-01
3.986515954862562827e-01
-1.953539047895395120e-01
-3.746041866162507228e-01
9.905852491496257295e-02
-3.164084890387364735e-01
-2.692525949762887907e-02
2.326531323135379303e-01
1.065281469760859523e-01
-3.614804536183899297e-01
9.728049528879367802e-02
-9.969841544405749767e-02
-1.116510411951914666e-01


Eigenvalue: 1.92332
Eigenvector: 
-1.747542242913217858e-01
4.699205091130018858e-02
3.234086067576015799e-01
1.818396109290663365e-01
5.521717023058406726e-01
8.940476863953408793e-02
-1.373408984078087203e-01
-1.397715729671394347e-01
-2.596752605341450248e-01
-1.805822028818616642e-01
-2.586729550071929506e-01
1.231550743575500900e-01
4.366476504386896523e-02
1.990718838267439561e-01
2.310665101908934427e-01
-3.462052264918598632e-01
-5.840274634586638258e-02
-2.271449909488004737e-01
-1.224536833224010163e-01
1.067793423496549016e-01


Eigenvalue: 1.85903
Eigenvector: 
4.115906488119272337e-03
-1.031137052343178290e-01
-5.212226074178704094e-01
3.921258597163322368e-01
8.295855542157100360e-02
9.391361728580217838e-02
9.318343654020942723e-02
-8.602769048672566365e-02
-2.643247334025635165e-01
-1.438260561982442620e-01
3.905395098552703892e-02
1.997700980261876355e-02
9.085059963470794309e-02
3.712321095997364595e-01
-1.418466408500058951e-01
3.928901487124697445e-01
-3.167154881753499462e-01
-9.245120036468133795e-02
-2.849756984667788096e-02
9.712386065083374043e-02


Eigenvalue: 1.89897
Eigenvector: 
-1.199146208928753097e-03
2.619816306830258235e-01
8.138228620741139174e-02
4.390797811168938303e-01
-2.816235189904129493e-02
-1.499534120650055924e-01
-3.940530114554404717e-01
-3.311195437589862234e-01
3.212777734721541378e-01
3.106779860547512206e-01
8.550211445389646614e-02
-1.491943749895443920e-02
-6.498191202235631403e-02
-2.278854719915049398e-01
-9.155898799914190256e-02
1.489312165377709163e-01
-9.116622562882285841e-02
-3.735989825287452937e-01
4.145687459958873403e-03
4.309181716470474738e-02


