Eigenvalue: 1.66115
Eigenvector: 
-7.436838291440547345e-03
4.924205034011085447e-01
-3.558826552071901739e-02
-3.484721255784378191e-01
-2.589180918903277728e-01
9.427819053223163159e-02
-2.392726566080595751e-01
-1.671461213869136764e-01
-2.089115971585768852e-02
-1.483041751290337940e-01
-2.476615085342602929e-03
-1.383590400618597005e-01
-2.797719825062444099e-01
4.705145493010453039e-01
1.920889160748637525e-01
7.030549122591411848e-02
1.608879424812144701e-02
-6.023830445765501751e-02
1.994496779748085036e-01
2.165785964909714700e-01


Eigenvalue: 1.67399
Eigenvector: 
-7.109393734144152377e-02
2.108600324598322584e-01
-4.442808197376192370e-01
-1.101397655515637224e-02
3.140325738870577976e-01
-8.406105499189574226e-02
-2.319331221990018621e-01
2.890812725916214188e-01
-5.771147346301348097e-02
-1.502429176309107162e-01
1.624606310136303758e-02
-1.278513651448606181e-01
1.198553449469577370e-01
-3.726356265242319332e-01
2.378564592208569084e-01
-6.515686927634987968e-02
1.654747753795086582e-02
-1.382694097408570730e-02
4.976563809631410207e-01
-7.245144893531260677e-02


Eigenvalue: 1.73330
Eigenvector: 
1.077885837646978817e-01
-8.791508760501483277e-02
3.755338350072349313e-02
-8.145695630052311731e-02
-1.284716804440440008e-01
-2.182733313510651363e-01
2.089127909084547430e-01
3.153713919349545036e-01
-6.545442008931290356e-02
4.643637518577086731e-01
-1.532094679953953931e-01
-1.779165647864943967e-01
1.094775642216134492e-01
1.124703676925703638e-01
1.204055795569985432e-01
-2.083602193490936560e-01
-4.099158438265200211e-01
-3.090058774176256962e-01
1.626654315863736155e-01
3.432020947870507155e-01


Eigenvalue: 1.77182
Eigenvector: 
-3.789123056893545782e-01
-3.814429053168934547e-01
4.344300080587362722e-02
2.425149621482033946e-02
-5.805858480524506149e-02
2.187047462761978756e-01
-2.872373281633651132e-01
1.229207847880199461e-01
-1.180480458771284852e-01
9.054226609386131774e-02
5.756005568372715153e-01
-5.811722988803180723e-02
-1.718153084156364419e-01
-6.666502140999017167e-02
2.045140602756017056e-01
-1.288926689137794186e-02
-1.850133312451272653e-03
4.536232859760212788e-02
-6.095209596961571885e-02
3.479568078671667064e-01


Eigenvalue: 1.84130
Eigenvector: 
1.390936606545916665e-01
7.070929084280835886e-02
-2.673634604614691934e-01
-2.317135043339616646e-02
-9.300520867121397917e-02
7.547650567350311368e-02
-3.475153754988729027e-01
4.641811359142436477e-02
-2.125225870495098257e-02
1.591701226038832739e-01
-2.660372720600331364e-01
-1.756710965340362585e-01
4.173723603767750534e-01
-2.699394305699232346e-02
1.944204570531490595e-01
-1.612465340043699527e-02
2.137239049543645797e-01
1.854203316838552162e-01
-5.421753787439593797e-01
2.279065408050528485e-01


Eigenvalue: 1.85920
Eigenvector: 
1.016823446570997921e-02
-1.043075335215268573e-01
-5.353873234973812734e-01
3.857245559956590242e-01
5.525104589616279538e-02
8.991361015660261080e-02
9.872421556104672702e-02
-7.794705486370311076e-02
-2.483995720199378698e-01
-1.318486090560879176e-01
5.085410479020835428e-02
1.145938477632934584e-02
8.560525173976250846e-02
3.614154176434387633e-01
-1.513703692693690872e-01
4.118587418365461383e-01
-3.156969688571051869e-01
-8.129412582581603541e-02
-2.231565322242508309e-02
8.700023906651288552e-02


Eigenvalue: 1.89902
Eigenvector: 
8.133723097019020243e-03
-2.640848696085096869e-01
-9.635623032140003263e-02
-4.454381079965589185e-01
3.115340160621808251e-03
1.467694775056141154e-01
3.997416153588974064e-01
3.383968939948537868e-01
-3.084856291248215809e-01
-3.018948997469679818e-01
-7.477908233727920129e-02
8.332319770564972430e-03
6.177045541388506006e-02
2.197643778167923112e-01
8.208876694754103920e-02
-1.317055055677636421e-01
9.200766060185891493e-02
3.840939552485239106e-01
9.599782649503257881e-04
-4.979923944705026695e-02


Eigenvalue: 1.94072
Eigenvector: 
5.518334400811893831e-02
8.139673604726066491e-02
-9.231436507990053997e-02
-2.120226929466884902e-01
6.898198255257805001e-02
-2.817971864433260198e-01
1.622128382046530148e-01
-3.796614737540257023e-01
-3.602104827628061501e-01
2.149807013503397257e-01
4.044333863867961010e-01
-1.096700764839571435e-01
3.083759068668224801e-01
-1.947659896313760431e-03
-2.620433905385219919e-01
-6.236830740336098133e-02
3.669066790912715592e-01
-6.953903020751917019e-02
1.150591634378381189e-01
1.015715398909300404e-01


Eigenvalue: 1.97900
Eigenvector: 
3.568794238303544808e-01
-1.075111604060091652e-01
1.761339223255515285e-01
-8.813953870175295080e-02
3.853123855572062606e-01
8.034650475137107561e-02
-1.191193256956548374e-01
-2.082770854206929534e-01
8.086388479937284268e-02
1.412296200259365031e-02
1.902517766130496502e-01
-5.638408157960677070e-01
9.978393145368084222e-03
9.557676128242817426e-02
7.188608674710753044e-02
-9.375954382487316704e-03
-3.652778160009874653e-01
2.463271755953571340e-01
-2.612510577894647246e-02
-1.991698319373006454e-01


Eigenvalue: 2.05675
Eigenvector: 
2.229181317125448203e-01
-2.905907482616525983e-01
-1.297050670147770479e-01
6.158530480013243297e-02
-1.295317596359930878e-01
4.132083687637671532e-01
-1.799405987046554523e-01
-1.582736027400950263e-01
-1.535217010603139309e-01
2.997609667923316623e-01
-8.305671007364445746e-02
1.419464455975518180e-01
7.179966973716295393e-03
1.820245041249535789e-01
2.007332809286968001e-01
-2.399007351901411844e-01
1.917499976801011474e-01
-2.342736723831084500e-01
2.450938068832924088e-01
-4.208003679055885016e-01


Eigenvalue: 2.06459
Eigenvector: 
5.838431716531176097e-01
-2.112217409373023658e-01
-1.573146141439412671e-01
-1.709480928126625721e-01
-2.640895751304055405e-01
9.469738795161919409e-02
-1.032767545038470458e-01
-6.838038126374439141e-02
2.525382850771071830e-01
-2.517182460409643774e-01
1.429087322791324499e-01
2.216020774651743241e-01
2.498483174814434063e-02
-2.604783496259566733e-01
-2.196246128576647971e-01
-3.525616818260918217e-02
-1.045993145888132470e-01
1.482302007831388935e-02
1.609778400857316827e-01
3.388136567612325956e-01


Eigenvalue: 2.10731
Eigenvector: 
-8.081626959030797919e-02
-2.100996908027491505e-01
1.889050083282688974e-01
-1.623998664436978878e-01
-5.909057001147134669e-02
-4.332394370056832367e-01
-4.396307013315444157e-01
-5.058947361371055051e-02
-1.233466455933439204e-01
6.188522730519989412e-02
-9.066864362438945002e-02
3.717498973839908905e-01
2.536475336817488602e-01
1.608273767738795379e-01
5.397874820304771754e-02
2.437419395834224400e-01
-2.178196497141369758e-01
2.824505352298401495e-01
1.956744147816379675e-01
-1.293985181583003352e-01


Eigenvalue: 2.15522
Eigenvector: 
-2.264979079272620988e-01
-1.771920833039389853e-01
7.696695604616304864e-02
-3.101427927368842763e-01
2.803587109624353646e-01
3.611612034645335090e-01
-1.194995658105025421e-01
3.043211134624478065e-02
1.485726357145619736e-01
1.655666099521253543e-01
-3.309120016407572362e-01
-1.374953701131536865e-01
8.476326554357178911e-02
-2.731707459630152834e-03
-4.380970474438203865e-01
3.277516657875648165e-01
1.289270081609342755e-01
-1.265480801131815825e-01
2.058587595397242120e-01
1.774648923664397804e-01


Eigenvalue: 2.18417
Eigenvector: 
1.847325140625737105e-01
3.583646646408019110e-01
2.382558158443233431e-01
-1.083313450980298576e-01
-6.497702794963920725e-02
2.789892632882310375e-01
-1.693309291584079446e-01
3.687784550847019727e-01
-4.514251778619549627e-01
2.928699903797233467e-02
1.963646234818998138e-01
1.188190625917049936e-01
8.778403099772308371e-02
-1.709972089746006896e-01
-2.441628913677861279e-01
1.423924416075450783e-01
-2.134516860781706105e-01
-1.717939102207931557e-01
-1.803479675922115000e-01
-2.011536607864939374e-01


Eigenvalue: 2.22717
Eigenvector: 
1.175976604003842740e-01
5.858673968782329711e-02
-2.928208317515728076e-01
-3.456484695193856038e-01
3.923590038275008296e-01
-4.837039123122773704e-02
8.698366680673479123e-02
-9.770227246288128164e-02
-1.697751392312152113e-03
3.673555765984438115e-01
1.761072818931912892e-02
3.892726159564911526e-01
-4.286711191723749925e-01
-1.088691047623051023e-01
1.640932281416236926e-01
1.356819874477266097e-01
-9.510842357301713124e-02
2.565116151849458279e-02
-2.572817058055989481e-01
2.197557411516291859e-02


Eigenvalue: 2.25580
Eigenvector: 
4.303458405577265111e-02
-7.892775793583754751e-02
-1.375886091350724816e-01
-1.267844105840201241e-01
1.868895183262172244e-01
-2.390207994262246727e-01
-1.991808407912979695e-01
3.773366218722028487e-01
3.736281867526065614e-01
-1.086232499357373815e-01
2.721782866163389714e-01
4.454773434795179093e-02
5.340076284989229288e-02
4.238971399765562587e-01
-1.993629686932248124e-01
-1.554284394213642229e-01
1.506712181924793059e-01
-3.275229983496005248e-01
-2.057516611692847552e-01
-1.912733757513242483e-01


Eigenvalue: 2.30539
Eigenvector: 
-2.116873447373006367e-01
8.327133376002188170e-03
6.780131069923568676e-03
-3.063488887749912237e-01
-7.137970765438021725e-02
1.663091198892832079e-01
2.339748104223619007e-01
-2.193285719449764026e-01
2.503132120189392462e-01
-1.580584440483434050e-01
1.526895290207441469e-01
8.638234877877248863e-02
4.657845621691776294e-01
-1.155487236662828543e-01
3.797186718236762459e-01
1.901037824882740312e-01
-2.200502761689289710e-01
-3.421469508852459374e-01
-1.045517690084629830e-01
-1.419686592242268008e-01


Eigenvalue: 2.41002
Eigenvector: 
3.014019465026222533e-01
-2.560231387370420775e-01
1.915851140964562604e-01
8.244335526418983262e-03
1.947733302206319794e-02
-2.456130399113499729e-01
1.022291424781410218e-02
1.051890182247254418e-01
-1.958898475843227072e-01
-1.890434888186947882e-01
-9.486123706268159705e-02
-1.952981753766857842e-01
-1.832715070785495004e-01
-9.114558912188436279e-02
3.090041383721053858e-01
4.891514425616477757e-01
3.369180700599237466e-01
-3.482293516842042136e-01
-3.879271823353239862e-02
2.793783623552904827e-02


Eigenvalue: 4.16999
Eigenvector: 
2.168987022313476898e-01
2.013574553402498746e-01
2.104160856524207868e-01
2.342329305367596426e-01
1.944172674448599591e-01
1.832479170135794810e-01
1.762680203375511234e-01
1.987006206080400850e-01
2.098645686748298600e-01
1.887977675727577631e-01
1.987425932274148599e-01
2.247063399434115760e-01
2.200513470624551049e-01
2.129262850801345586e-01
2.099337167174419039e-01
2.122087101316686153e-01
2.161712776555493321e-01
2.206614671627934454e-01
2.053107269085024111e-01
1.800167493988231171e-01


Eigenvalue: 4.16999
Eigenvector: 
2.519824670637477726e-01
2.339273971454882695e-01
2.444512665552091568e-01
2.721205366495892397e-01
2.258645990789076297e-01
2.128886037911073281e-01
2.047797043659570215e-01
2.308408224824882726e-01
2.438105620814828289e-01
2.193361716390993532e-01
2.308895830756921563e-01
2.610529944186641971e-01
2.556450550848429204e-01
2.473675016389664250e-01
2.438908805221199350e-01
2.465338785239328812e-01
2.511373848686619947e-01
2.563538789558949538e-01
2.385201199147184981e-01
2.091347758761049058e-01


