Romberg Triangular matrix: N = 2
0.147979  
0.325232  0.384316  


Romberg Triangular matrix: N = 4
0.147979  
0.325232  0.384316  
0.512283  0.574633  0.587321  
0.402997  0.366569  0.352698  0.348974  


Romberg Triangular matrix: N = 8
0.147979  
0.325232  0.384316  
0.512283  0.574633  0.587321  
0.402997  0.366569  0.352698  0.348974  
0.430103  0.439139  0.443977  0.445426  0.445804  
0.448415  0.454518  0.455544  0.455727  0.455768  0.455777  
0.453913  0.455746  0.455828  0.455832  0.455832  0.455832  0.455832  
0.455349  0.455827  0.455832  0.455833  0.455833  0.455833  0.455833  0.455833  


Romberg Triangular matrix: N = 16
0.147979  
0.325232  0.384316  
0.512283  0.574633  0.587321  
0.402997  0.366569  0.352698  0.348974  
0.430103  0.439139  0.443977  0.445426  0.445804  
0.448415  0.454518  0.455544  0.455727  0.455768  0.455777  
0.453913  0.455746  0.455828  0.455832  0.455832  0.455832  0.455832  
0.455349  0.455827  0.455832  0.455833  0.455833  0.455833  0.455833  0.455833  
0.455711  0.455832  0.455833  0.455833  0.455833  0.455833  0.455833  0.455833  0.455833  
0.455802  0.455833  0.455833  0.455833  0.455833  0.455833  0.455833  0.455833  0.455833  0.455833  
0.455825  0.455833  0.455833  0.455833  0.455833  0.455833  0.455833  0.455833  0.455833  0.455833  0.455833  
0.455831  0.455833  0.455833  0.455833  0.455833  0.455833  0.455833  0.455833  0.455833  0.455833  0.455833  0.455833  
0.455832  0.455833  0.455833  0.455833  0.455833  0.455833  0.455833  0.455833  0.455833  0.455833  0.455833  0.455833  0.455833  
0.455832  0.455833  0.455833  0.455833  0.455833  0.455833  0.455833  0.455833  0.455833  0.455833  0.455833  0.455833  0.455833  0.455833  
0.455833  0.455833  0.455833  0.455833  0.455833  0.455833  0.455833  0.455833  0.455833  0.455833  0.455833  0.455833  0.455833  0.455833  0.455833  
0.455833  0.455833  0.455833  0.455833  0.455833  0.455833  0.455833  0.455833  0.455833  0.455833  0.455833  0.455833  0.455833  0.455833  0.455833  0.455833  


